
pma_width =

   512


pma_height =

   512


pma_len =

        3000

Warning: Error occurred while executing callback:
Attempt to reference field of non-structure array.

Error in PMA_analyzer>make_maskframe (line 1150)



Error in PMA_analyzer>draw (line 974)



Error in PMA_analyzer>listener_slider_windowPMA_Callback (line 301)



Error in PMA_analyzer>load_pmafile (line 392)



Error in PMA_analyzer>btn_loadPMA_Callback (line 255)



Error in gui_mainfcn (line 95)



Error in PMA_analyzer (line 17)



Error in @(hObject,eventdata)PMA_analyzer('btn_loadPMA_Callback',hObject,eventdata,guidata(hObject))


[> In PMA_analyzer>load_pmafile at 392
  In PMA_analyzer>btn_loadPMA_Callback at 255
  In gui_mainfcn at 95
  In PMA_analyzer at 17
  In @(hObject,eventdata)PMA_analyzer('btn_loadPMA_Callback',hObject,eventdata,guidata(hObject))] 
normal
set new tmpspot x y
   432   164


P =

   1.0e+13 *

   -0.0267    9.4802    0.0057   -0.0000
   -0.4024    0.0130   -0.0001    0.0000
    0.0019   -0.0001    0.0000   -0.0000
   -0.0000    0.0000   -0.0000    0.0000


Q =

   1.0e+13 *

   -0.0012   -0.0075    0.0009   -0.0000
    9.8464    0.0043   -0.0000    0.0000
    0.0008   -0.0000    0.0000   -0.0000
   -0.0000    0.0000   -0.0000    0.0000

ACCEPTOR
x_1 x_2 y_1 y_2
   175   432   165   164

normal
set new tmpspot x y
   400   295


P =

   1.0e+13 *

   -0.0267    9.4802    0.0057   -0.0000
   -0.4024    0.0130   -0.0001    0.0000
    0.0019   -0.0001    0.0000   -0.0000
   -0.0000    0.0000   -0.0000    0.0000


Q =

   1.0e+13 *

   -0.0012   -0.0075    0.0009   -0.0000
    9.8464    0.0043   -0.0000    0.0000
    0.0008   -0.0000    0.0000   -0.0000
   -0.0000    0.0000   -0.0000    0.0000

ACCEPTOR
x_1 x_2 y_1 y_2
   143   400   295   295

normal
set new tmpspot x y
   449   348


P =

   1.0e+13 *

   -0.0267    9.4802    0.0057   -0.0000
   -0.4024    0.0130   -0.0001    0.0000
    0.0019   -0.0001    0.0000   -0.0000
   -0.0000    0.0000   -0.0000    0.0000


Q =

   1.0e+13 *

   -0.0012   -0.0075    0.0009   -0.0000
    9.8464    0.0043   -0.0000    0.0000
    0.0008   -0.0000    0.0000   -0.0000
   -0.0000    0.0000   -0.0000    0.0000

ACCEPTOR
x_1 x_2 y_1 y_2
   192   449   348   348

normal
set new tmpspot x y
   377   440


P =

   1.0e+13 *

   -0.0267    9.4802    0.0057   -0.0000
   -0.4024    0.0130   -0.0001    0.0000
    0.0019   -0.0001    0.0000   -0.0000
   -0.0000    0.0000   -0.0000    0.0000


Q =

   1.0e+13 *

   -0.0012   -0.0075    0.0009   -0.0000
    9.8464    0.0043   -0.0000    0.0000
    0.0008   -0.0000    0.0000   -0.0000
   -0.0000    0.0000   -0.0000    0.0000

ACCEPTOR
x_1 x_2 y_1 y_2
   120   377   440   440

[Error writing to output stream.

normal
set new tmpspot x y
   419   422


P =

   1.0e+13 *

   -0.0267    9.4802    0.0057   -0.0000
   -0.4024    0.0130   -0.0001    0.0000
    0.0019   -0.0001    0.0000   -0.0000
   -0.0000    0.0000   -0.0000    0.0000


Q =

   1.0e+13 *

   -0.0012   -0.0075    0.0009   -0.0000
    9.8464    0.0043   -0.0000    0.0000
    0.0008   -0.0000    0.0000   -0.0000
   -0.0000    0.0000   -0.0000    0.0000

ACCEPTOR
x_1 x_2 y_1 y_2
   162   419   422   422

normal
set new tmpspot x y
   393   330


P =

   1.0e+13 *

   -0.0267    9.4802    0.0057   -0.0000
   -0.4024    0.0130   -0.0001    0.0000
    0.0019   -0.0001    0.0000   -0.0000
   -0.0000    0.0000   -0.0000    0.0000


Q =

   1.0e+13 *

   -0.0012   -0.0075    0.0009   -0.0000
    9.8464    0.0043   -0.0000    0.0000
    0.0008   -0.0000    0.0000   -0.0000
   -0.0000    0.0000   -0.0000    0.0000

ACCEPTOR
x_1 x_2 y_1 y_2
   136   393   330   330

normal
set new tmpspot x y
   438   163


P =

   1.0e+13 *

   -0.0267    9.4802    0.0057   -0.0000
   -0.4024    0.0130   -0.0001    0.0000
    0.0019   -0.0001    0.0000   -0.0000
   -0.0000    0.0000   -0.0000    0.0000


Q =

   1.0e+13 *

   -0.0012   -0.0075    0.0009   -0.0000
    9.8464    0.0043   -0.0000    0.0000
    0.0008   -0.0000    0.0000   -0.0000
   -0.0000    0.0000   -0.0000    0.0000

ACCEPTOR
x_1 x_2 y_1 y_2
   181   438   164   163

normal
set new tmpspot x y
   396   291


P =

   1.0e+13 *

   -0.0267    9.4802    0.0057   -0.0000
   -0.4024    0.0130   -0.0001    0.0000
    0.0019   -0.0001    0.0000   -0.0000
   -0.0000    0.0000   -0.0000    0.0000


Q =

   1.0e+13 *

   -0.0012   -0.0075    0.0009   -0.0000
    9.8464    0.0043   -0.0000    0.0000
    0.0008   -0.0000    0.0000   -0.0000
   -0.0000    0.0000   -0.0000    0.0000

ACCEPTOR
x_1 x_2 y_1 y_2
   139   396   291   291

normal
set new tmpspot x y
   397   242


P =

   1.0e+13 *

   -0.0267    9.4802    0.0057   -0.0000
   -0.4024    0.0130   -0.0001    0.0000
    0.0019   -0.0001    0.0000   -0.0000
   -0.0000    0.0000   -0.0000    0.0000


Q =

   1.0e+13 *

   -0.0012   -0.0075    0.0009   -0.0000
    9.8464    0.0043   -0.0000    0.0000
    0.0008   -0.0000    0.0000   -0.0000
   -0.0000    0.0000   -0.0000    0.0000

ACCEPTOR
x_1 x_2 y_1 y_2
   140   397   242   242

normal
set new tmpspot x y
   417   251


P =

   1.0e+13 *

   -0.0267    9.4802    0.0057   -0.0000
   -0.4024    0.0130   -0.0001    0.0000
    0.0019   -0.0001    0.0000   -0.0000
   -0.0000    0.0000   -0.0000    0.0000


Q =

   1.0e+13 *

   -0.0012   -0.0075    0.0009   -0.0000
    9.8464    0.0043   -0.0000    0.0000
    0.0008   -0.0000    0.0000   -0.0000
   -0.0000    0.0000   -0.0000    0.0000

ACCEPTOR
x_1 x_2 y_1 y_2
   160   417   251   251

normal
set new tmpspot x y
   445   261


P =

   1.0e+13 *

   -0.0267    9.4802    0.0057   -0.0000
   -0.4024    0.0130   -0.0001    0.0000
    0.0019   -0.0001    0.0000   -0.0000
   -0.0000    0.0000   -0.0000    0.0000


Q =

   1.0e+13 *

   -0.0012   -0.0075    0.0009   -0.0000
    9.8464    0.0043   -0.0000    0.0000
    0.0008   -0.0000    0.0000   -0.0000
   -0.0000    0.0000   -0.0000    0.0000

ACCEPTOR
x_1 x_2 y_1 y_2
   188   445   261   261

normal
set new tmpspot x y
   466   210


P =

   1.0e+13 *

   -0.0267    9.4802    0.0057   -0.0000
   -0.4024    0.0130   -0.0001    0.0000
    0.0019   -0.0001    0.0000   -0.0000
   -0.0000    0.0000   -0.0000    0.0000


Q =

   1.0e+13 *

   -0.0012   -0.0075    0.0009   -0.0000
    9.8464    0.0043   -0.0000    0.0000
    0.0008   -0.0000    0.0000   -0.0000
   -0.0000    0.0000   -0.0000    0.0000

ACCEPTOR
x_1 x_2 y_1 y_2
   209   466   211   210

normal
set new tmpspot x y
   458   206


P =

   1.0e+13 *

   -0.0267    9.4802    0.0057   -0.0000
   -0.4024    0.0130   -0.0001    0.0000
    0.0019   -0.0001    0.0000   -0.0000
   -0.0000    0.0000   -0.0000    0.0000


Q =

   1.0e+13 *

   -0.0012   -0.0075    0.0009   -0.0000
    9.8464    0.0043   -0.0000    0.0000
    0.0008   -0.0000    0.0000   -0.0000
   -0.0000    0.0000   -0.0000    0.0000

ACCEPTOR
x_1 x_2 y_1 y_2
   201   458   207   206

downarrow
set new tmpspot x y
   201   208


P =

   1.0e+14 *

    0.0030    1.0514   -0.0006    0.0000
    0.0400   -0.0013    0.0000   -0.0000
   -0.0002    0.0000   -0.0000    0.0000
    0.0000   -0.0000    0.0000   -0.0000


Q =

   1.0e+14 *

    0.0002    0.0076   -0.0001    0.0000
    1.0148   -0.0004    0.0000   -0.0000
   -0.0001    0.0000   -0.0000    0.0000
    0.0000   -0.0000    0.0000   -0.0000

DONOR
x_1 x_2 y_1 y_2
   201   457   208   208

rightarrow
set new tmpspot x y
   202   208


P =

   1.0e+14 *

    0.0030    1.0514   -0.0006    0.0000
    0.0400   -0.0013    0.0000   -0.0000
   -0.0002    0.0000   -0.0000    0.0000
    0.0000   -0.0000    0.0000   -0.0000


Q =

   1.0e+14 *

    0.0002    0.0076   -0.0001    0.0000
    1.0148   -0.0004    0.0000   -0.0000
   -0.0001    0.0000   -0.0000    0.0000
    0.0000   -0.0000    0.0000   -0.0000

DONOR
x_1 x_2 y_1 y_2
   202   458   208   208

rightarrow
set new tmpspot x y
   203   208


